31,360
31,359
31,226
31,50
31,358
31,357
31,356
31,225
31,215
31,355
31,354
31,224
31,214
31,353
31,352
31,223
31,196
31,351
31,350
31,349
31,348
31,222
31,57
31,347
31,346
31,345
31,209
31,344
31,221
31,53
31,343
31,342
31,341
31,340
31,339
31,220
31,213
31,338
31,219
31,210
31,337
31,336
31,335
31,334
31,333
31,332
31,331
31,330
31,218
31,44
31,329
31,328
31,327
31,326
31,325
31,324
31,323
31,217
31,46
31,322
31,321
31,320
31,216
31,59
31,319
31,318
31,317
31,316
31,315
31,314
31,197
31,313
31,312
31,311
31,310
31,309
31,308
31,307
31,306
31,305
31,304
31,205
31,303
31,302
31,301
31,300
31,203
31,296
31,212
31,208
31,291
31,211
31,54
31,290
31,289
31,200
31,288
31,286
31,285
31,284
31,283
31,282
31,281
31,280
31,58
31,56
31,276
31,207
31,206
31,198
31,47
31,199
31,268
31,265
31,202
31,259
31,258
31,201
31,191
31,190
31,189
31,188
31,187
31,186
31,185
31,184
31,183
31,182
31,181
31,180
31,179
31,178
31,177
31,176
31,60
31,175
31,174
31,192
31,61
31,173
31,172
31,171
31,170
31,169
31,168
31,167
31,166
31,165
31,164
31,163
31,162
31,193
31,161
31,160
31,158
31,157
31,156
31,155
31,154
31,152
31,148
31,195
31,194
31,147
31,63
31,142
31,140
31,138
31,55
31,43
31,137
31,130
31,127
31,126
31,125
31,45
31,124
31,123
31,122
31,121
31,120
31,119
31,52
31,118
31,102
31,101
31,100
31,49
31,98
31,96
31,94
31,42
31,93
31,7
31,84
31,9
31,8
31,6
31,5
31,41
31,40
31,39
31,38
31,37
31,36
31,35
31,34
31,33
31,32
31,31
31,30
31,29
31,28
31,27
31,26
31,25
31,24
31,23
31,22
31,21
31,20
31,19
31,18
31,17
31,16
31,15
31,14
31,13
31,12
31,11
31,10
24,5
24,7
24,6
4294967293,131
4294967293,130
4294967293,129
4294967293,128
4294967293,127
4294967293,126
4294967293,125
4294967293,124
4294967293,123
4294967293,122
4294967293,121
4294967293,120
4294967293,119
4294967293,118
4294967293,117
4294967293,116
4294967293,115
4294967293,114
4294967293,113
4294967293,112
4294967293,111
4294967293,110
4294967293,109
4294967293,108
4294967293,107
4294967293,106
4294967293,105
4294967293,104
4294967293,103
4294967293,102
4294967293,101
4294967293,100
4294967293,99
4294967293,98
4294967293,97
4294967293,96
4294967293,95
4294967293,94
4294967293,93
4294967293,92
4294967293,91
4294967293,90
4294967293,89
4294967293,88
4294967293,87
4294967293,86
4294967293,85
4294967293,84
4294967293,83
4294967293,82
4294967293,81
4294967293,80
4294967293,79
4294967293,78
4294967293,77
4294967293,76
4294967293,75
4294967293,74
4294967293,73
4294967293,72
4294967293,71
4294967293,70
4294967293,69
4294967293,68
4294967293,67
4294967293,66
4294967293,65
4294967293,64
4294967293,63
4294967293,62
4294967293,61
4294967293,60
4294967293,59
4294967293,58
4294967293,57
4294967293,56
4294967293,55
4294967293,54
4294967293,53
4294967293,52
4294967293,51
4294967293,50
4294967293,49
4294967293,48
4294967293,47
4294967293,46
4294967293,45
4294967293,44
4294967293,43
4294967293,42
4294967293,41
4294967293,40
4294967293,39
4294967293,38
4294967293,37
4294967293,36
4294967293,35
4294967293,34
4294967293,33
4294967293,32
4294967293,31
4294967293,30
4294967293,29
4294967293,28
4294967293,27
4294967293,26
4294967293,25
4294967293,24
4294967293,23
4294967293,22
4294967293,21
4294967293,20
4294967293,19
4294967293,18
4294967293,17
4294967293,16
4294967293,15
4294967293,14
4294967293,13
4294967293,12
4294967293,11
4294967293,10
4294967293,9
4294967293,8
4294967293,7
4294967293,6
4294967293,5
4294967293,4
4294967293,3
4294967293,2
4243767290,0
4243767289,0
4243767288,0
4243767287,0
4243767286,0
4243767285,0
4243767284,0
4243767283,0
4243767282,0
4243767281,0
4294967293,0
4294967279,82
4294967279,304
4294967279,305
4294967279,83
4294967279,199
4294967279,200
4294967279,280
4294967279,84
4294967279,85
4294967279,86
4294967279,394
4294967279,201
4294967279,411
4294967279,202
4294967279,87
4294967279,203
4294967279,204
4294967279,89
4294967279,90
4294967279,307
4294967279,205
4294967279,91
4294967279,206
4294967279,312
4294967279,92
4294967279,410
4294967279,93
4294967279,207
4294967279,395
4294967279,208
4294967279,94
4294967279,362
4294967279,209
4294967279,95
4294967279,308
4294967279,210
4294967279,96
4294967279,309
4294967279,211
4294967279,212
4294967279,97
4294967279,98
4294967279,99
4294967279,363
4294967279,217
4294967279,364
4294967279,310
4294967279,213
4294967279,216
4294967279,214
4294967279,215
4294967279,100
4294967279,101
4294967279,102
4294967279,221
4294967279,218
4294967279,223
4294967279,103
4294967279,104
4294967279,220
4294967279,222
4294967279,105
4294967279,106
4294967279,401
4294967279,229
4294967279,226
4294967279,438
4294967279,224
4294967279,228
4294967279,107
4294967279,230
4294967279,108
4294967279,109
4294967279,400
4294967279,110
4294967279,234
4294967279,233
4294967279,392
4294967279,239
4294967279,232
4294967279,237
4294967279,111
4294967279,112
4294967279,113
4294967279,114
4294967279,311
4294967279,241
4294967279,396
4294967279,402
4294967279,243
4294967279,247
4294967279,242
4294967279,115
4294967279,246
4294967279,116
